{
  "asset": {
    "version": "2.0",
    "generator": "THREE.GLTFExporter r172"
  },
  "scenes": [
    {
      "name": "AuxScene",
      "nodes": [
        27
      ]
    }
  ],
  "scene": 0,
  "nodes": [
    {
      "matrix": [
        1,
        0,
        0,
        0,
        0,
        -4.3711390285139367e-8,
        -0.9999999999999991,
        0,
        0,
        0.9999999999999991,
        -4.3711390285139367e-8,
        0,
        0,
        0,
        0,
        1
      ],
      "name": "7_body_01_16_16",
      "extras": {
        "originalName": "7_body_0.1_16_16",
        "transformData": {
          "inheritType": 1,
          "eulerOrder": "ZYX",
          "rotation": [
            -90.00000250447816,
            0,
            0
          ],
          "parentMatrix": {
            "elements": [
              2.2708631960598678,
              0,
              0,
              0,
              0,
              2.2708631960598678,
              0,
              0,
              0,
              0,
              2.2708631960598678,
              0,
              -6.099117266789023e-8,
              -1.2499997678082007,
              0.23245950585073066,
              1
            ]
          },
          "parentMatrixWorld": {
            "elements": [
              2.2708631960598678,
              0,
              0,
              0,
              0,
              2.2708631960598678,
              0,
              0,
              0,
              0,
              2.2708631960598678,
              0,
              -6.099117266789023e-8,
              -1.2499997678082007,
              0.23245950585073066,
              1
            ]
          }
        }
      },
      "mesh": 0,
      "skin": 0
    },
    {
      "matrix": [
        1,
        -1.3969837517682835e-9,
        -3.492459646134423e-10,
        0,
        1.3969839209038095e-9,
        1.0000001192092898,
        7.450580568924307e-9,
        0,
        3.492459958384657e-10,
        -7.450580569412198e-9,
        1.0000001192092898,
        0,
        -4.6566128036884535e-10,
        0.2884257137775421,
        5.529727925557282e-10,
        1
      ],
      "name": "RightFoot",
      "extras": {
        "originalName": "RightFoot",
        "transformData": {
          "inheritType": 1,
          "eulerOrder": "ZYX",
          "translation": [
            -4.656612873077393e-10,
            0.2884257137775421,
            5.529727786779404e-10
          ],
          "rotation": [
            4.26886772236922e-7,
            2.001031983402173e-8,
            -8.004127297497757e-8
          ],
          "scale": [
            1,
            1.0000001192092896,
            1.0000001192092896
          ],
          "parentMatrix": {
            "elements": [
              0.9999567479554539,
              -0.005912454693804245,
              -0.007179491475493518,
              0,
              0.006924876153262325,
              0.9886076229133122,
              0.15035589379424588,
              0,
              0.006208727591309115,
              -0.15039910768374096,
              0.9886058066288838,
              0,
              -5.515175857673249e-9,
              0.21806645393371604,
              -6.766640581190586e-10,
              1
            ]
          },
          "parentMatrixWorld": {
            "elements": [
              2.2707231785239492,
              0.01655662518096275,
              0.019020510667454627,
              0,
              0.019020797728970543,
              -2.2491089433185554,
              -0.31299356404741413,
              0,
              0.016556295185994715,
              0.31313400310142814,
              -2.2491095749567824,
              0,
              -0.13295771445058574,
              -0.4292215795417698,
              0.20347438789992958,
              1
            ]
          }
        }
      }
    },
    {
      "matrix": [
        0.9999567479554539,
        -0.005912454693804245,
        -0.007179491475493518,
        0,
        0.006924876153262325,
        0.9886076229133122,
        0.15035589379424588,
        0,
        0.006208727591309115,
        -0.15039910768374096,
        0.9886058066288838,
        0,
        -5.515175857673249e-9,
        0.21806645393371604,
        -6.766640581190586e-10,
        1
      ],
      "name": "RightLeg",
      "extras": {
        "originalName": "RightLeg",
        "transformData": {
          "inheritType": 1,
          "eulerOrder": "ZYX",
          "translation": [
            -5.515175871551037e-9,
            0.21806645393371582,
            -6.766640581190586e-10
          ],
          "rotation": [
            8.647776786460367,
            0.41135809456308203,
            -0.3387694053851253
          ],
          "scale": [
            1,
            0.9999999403953552,
            0.9999999403953552
          ],
          "parentMatrix": {
            "elements": [
              0.9999983612038368,
              -0.0017919441743483333,
              -0.0002579257969552015,
              0,
              0.0012720212910267833,
              0.796822329561202,
              -0.6042122457094102,
              0,
              0.0012882357249375071,
              0.6042109634553748,
              0.7968233506173403,
              0,
              -0.05882675945758818,
              0.04102705419063574,
              -0.025111576542258263,
              1
            ]
          },
          "parentMatrixWorld": {
            "elements": [
              2.270859475327176,
              0.0029252702853313924,
              0.0028881357267409157,
              0,
              0.0028885076358231665,
              -2.2706794817497955,
              0.028723795346353054,
              0,
              0.0029249031890383093,
              -0.028719563253092772,
              -2.2706800408851544,
              0,
              -0.13358758854172162,
              0.06593744306015603,
              0.1972106901846736,
              1
            ]
          }
        }
      },
      "children": [
        1
      ]
    },
    {
      "matrix": [
        0.9999983612038368,
        -0.0017919441743483333,
        -0.0002579257969552015,
        0,
        0.0012720212910267833,
        0.796822329561202,
        -0.6042122457094102,
        0,
        0.0012882357249375071,
        0.6042109634553748,
        0.7968233506173403,
        0,
        -0.05882675945758818,
        0.04102705419063574,
        -0.025111576542258263,
        1
      ],
      "name": "RightUpLeg",
      "extras": {
        "originalName": "RightUpLeg",
        "transformData": {
          "inheritType": 1,
          "eulerOrder": "ZYX",
          "translation": [
            -0.058826759457588196,
            0.04102705419063568,
            -0.025111576542258263
          ],
          "rotation": [
            -37.17218099167593,
            0.014778059756934744,
            -0.10267089667552921
          ],
          "scale": [
            1,
            0.9999999403953552,
            1
          ],
          "parentMatrix": {
            "elements": [
              0.9999999999999996,
              -3.231175327300659e-8,
              1.6391906498824954e-8,
              0,
              -1.5665161664302844e-8,
              -0.7935263028814722,
              -0.6085359534450394,
              0,
              3.267028033586122e-8,
              0.608536098531316,
              -0.7935264920728854,
              0,
              1.1102230246251565e-16,
              0.6275110244750979,
              2.1684043449710089e-16,
              1
            ]
          },
          "parentMatrixWorld": {
            "elements": [
              2.270863196059811,
              -8.506617946269199e-8,
              -5.028713004068445e-7,
              0,
              -3.6717600638649505e-7,
              -1.8266862469276477,
              -1.3490871863299447,
              0,
              -3.5397406829302313e-7,
              1.3490873393839213,
              -1.826686894243164,
              0,
              -5.937071821725281e-8,
              0.17475870368310886,
              0.20668874594030828,
              1
            ]
          }
        }
      },
      "children": [
        2
      ]
    },
    {
      "matrix": [
        1.0000000000000004,
        -5.880712583561005e-15,
        1.4480078381302341e-13,
        0,
        5.8807125835617476e-15,
        1.0000000000000002,
        -5.126524602311909e-15,
        0,
        -1.4480078381302331e-13,
        5.1265246023127606e-15,
        1.0000000000000002,
        0,
        2.793832720726641e-9,
        0.13830456137657168,
        -2.486371641907681e-8,
        1
      ],
      "name": "LeftHand",
      "extras": {
        "originalName": "LeftHand",
        "transformData": {
          "inheritType": 1,
          "eulerOrder": "ZYX",
          "translation": [
            2.793832720726641e-9,
            0.13830456137657166,
            -2.486371641907681e-8
          ],
          "rotation": [
            -2.9372822382158583e-13,
            -8.296473780587152e-12,
            -3.3656348059988786e-13
          ],
          "parentMatrix": {
            "elements": [
              0.9965221797543514,
              -0.08332793803769435,
              -1.4825178595856353e-7,
              0,
              0.08332794797115976,
              0.9965222985490636,
              1.3434048809457218e-9,
              0,
              1.476242497505706e-7,
              -1.369224823499618e-8,
              0.9999999999999888,
              0,
              2.9477718078985138e-9,
              0.14111483097076416,
              -7.709806493227944e-8,
              1
            ]
          },
          "parentMatrixWorld": {
            "elements": [
              -0.09564768545767324,
              -6.066233584248743e-7,
              2.2688492725997476,
              0,
              2.2688479758703353,
              -9.599745422979753e-8,
              0.09564776192096251,
              0,
              1.5971354995399746e-7,
              2.2708624553551107,
              -9.55843856841252e-8,
              0,
              0.5253989408157151,
              0.789441836172361,
              0.146341165450847,
              1
            ]
          }
        }
      }
    },
    {
      "matrix": [
        0.9965221797543514,
        -0.08332793803769435,
        -1.4825178595856353e-7,
        0,
        0.08332794797115976,
        0.9965222985490636,
        1.3434048809457218e-9,
        0,
        1.476242497505706e-7,
        -1.369224823499618e-8,
        0.9999999999999888,
        0,
        2.9477718078985138e-9,
        0.14111483097076416,
        -7.709806493227944e-8,
        1
      ],
      "name": "LeftForeArm",
      "extras": {
        "originalName": "LeftForeArm",
        "transformData": {
          "inheritType": 1,
          "eulerOrder": "ZYX",
          "translation": [
            2.947771804429067e-9,
            0.14111483097076416,
            -7.709806482125714e-8
          ],
          "rotation": [
            7.697142067975707e-8,
            0.000008494201640702565,
            -4.779881640617167
          ],
          "scale": [
            1,
            1.0000001192092896,
            1
          ],
          "parentMatrix": {
            "elements": [
              0.9861181045042271,
              0.007972840648221098,
              0.16585390493138252,
              0,
              0.020917500378685863,
              0.9849243978417335,
              -0.17171601181603854,
              0,
              -0.16472262184319947,
              0.1728015172042662,
              0.9710850083823797,
              0,
              1.1175870867630167e-8,
              0.06742163747549051,
              -5.075708031654358e-8,
              1
            ]
          },
          "parentMatrixWorld": {
            "elements": [
              0.09374336101204082,
              -2.7727853413317405e-7,
              2.268928752493842,
              0,
              2.268927185325758,
              -7.620811975916908e-8,
              -0.09374342676840045,
              0,
              1.769414708641115e-7,
              2.270862455355176,
              -4.3181684877824367e-7,
              0,
              0.2052196642971787,
              0.7894420220055588,
              0.15956974658557252,
              1
            ]
          }
        }
      },
      "children": [
        4
      ]
    },
    {
      "matrix": [
        0.9861181045042271,
        0.007972840648221098,
        0.16585390493138252,
        0,
        0.020917500378685863,
        0.9849243978417335,
        -0.17171601181603854,
        0,
        -0.16472262184319947,
        0.1728015172042662,
        0.9710850083823797,
        0,
        1.1175870867630167e-8,
        0.06742163747549051,
        -5.075708031654358e-8,
        1
      ],
      "name": "LeftArm",
      "extras": {
        "originalName": "LeftArm",
        "transformData": {
          "inheritType": 1,
          "eulerOrder": "ZYX",
          "translation": [
            1.1175870895385742e-8,
            0.06742163747549057,
            -5.075708031654358e-8
          ],
          "rotation": [
            -10.027895055436899,
            -9.546843124645608,
            0.46323068658625793
          ],
          "parentMatrix": {
            "elements": [
              0.06160736559229237,
              -0.39137559151099927,
              0.9181662819154038,
              0,
              0.9844138546513636,
              0.17564558049300008,
              0.00881784583422801,
              0,
              -0.16472294902360624,
              0.903312418380817,
              0.3960966397570995,
              0,
              0.02400000207126141,
              0.08706008642911911,
              -0.0027748434804379662,
              1
            ]
          },
          "parentMatrixWorld": {
            "elements": [
              0.1399022815830484,
              -0.37406269251485585,
              2.2354709136294453,
              0,
              2.2354691732086445,
              0.3924084003776455,
              -0.07424045539429362,
              0,
              -0.3740632530546801,
              2.2052004535922385,
              0.3924075216599646,
              0,
              0.054500651563582546,
              0.7629853212029729,
              0.16457515458930774,
              1
            ]
          }
        }
      },
      "children": [
        5
      ]
    },
    {
      "matrix": [
        0.06160736559229237,
        -0.39137559151099927,
        0.9181662819154038,
        0,
        0.9844138546513636,
        0.17564558049300008,
        0.00881784583422801,
        0,
        -0.16472294902360624,
        0.903312418380817,
        0.3960966397570995,
        0,
        0.02400000207126141,
        0.08706008642911911,
        -0.0027748434804379662,
        1
      ],
      "name": "LeftShoulder",
      "extras": {
        "originalName": "LeftShoulder",
        "transformData": {
          "inheritType": 1,
          "eulerOrder": "ZYX",
          "translation": [
            0.024000002071261406,
            0.08706008642911911,
            -0.002774843480437994
          ],
          "rotation": [
            1.2752995179308713,
            -66.65948392173874,
            -81.05433982397238
          ],
          "scale": [
            0.9999998211860657,
            0.9999998807907104,
            0.9999997615814209
          ],
          "parentMatrix": {
            "elements": [
              0.9999999999999997,
              1.5510817519270862e-8,
              -2.191117154382029e-8,
              0,
              -2.1094933660784067e-8,
              0.9588240662108944,
              -0.284000721926557,
              0,
              1.66038752219462e-8,
              0.28400072192655734,
              0.9588240662108944,
              0,
              -3.049734446217121e-16,
              0.09063894301652897,
              -5.122274153446238e-9,
              1
            ]
          },
          "parentMatrixWorld": {
            "elements": [
              2.2708631960598367,
              3.77051661578166e-8,
              -3.8219917640251895e-7,
              0,
              -1.2643804402317703e-7,
              2.207309782210858,
              -0.5334823186075833,
              0,
              3.6264514481595144e-7,
              0.5334812293489863,
              2.2073114849547015,
              0,
              -5.783141428010621e-8,
              0.5722970667941265,
              0.21714512441179423,
              1
            ]
          }
        }
      },
      "children": [
        6
      ]
    },
    {
      "matrix": [
        1.0000000000000002,
        -8.470329851196238e-22,
        -8.470329093889769e-22,
        0,
        8.470329093889769e-22,
        0.9999999999999962,
        -8.940696716308592e-8,
        0,
        8.470329851196236e-22,
        8.940696716308591e-8,
        0.999999999999996,
        0,
        -9.574483692757942e-25,
        0.13920153677463543,
        -2.9802322387695312e-8,
        1
      ],
      "name": "Add_PHair_02",
      "extras": {
        "originalName": "Add PHair 02",
        "transformData": {
          "inheritType": 1,
          "eulerOrder": "ZYX",
          "translation": [
            8.888983287643514e-27,
            0.13920153677463531,
            -2.9802322387695312e-8
          ],
          "rotation": [
            -0.000005122641877509563,
            4.8531922100981826e-20,
            -4.8531418771593945e-20
          ],
          "parentMatrix": {
            "elements": [
              1,
              -2.517938287904755e-21,
              -2.3716923900816836e-20,
              0,
              2.5179372809237076e-21,
              0.9999998807907101,
              -2.9802322387695312e-8,
              0,
              2.371692114857959e-20,
              2.980232238769532e-8,
              0.9999998807907102,
              0,
              -1.688813936280678e-24,
              0.1499999761581422,
              -4.470348369256527e-8,
              1
            ]
          },
          "parentMatrixWorld": {
            "elements": [
              2.2708631960598455,
              -4.223226602815392e-14,
              -3.342953620375396e-7,
              0,
              -1.3061956262230652e-7,
              -2.0903397404738873,
              -0.8872964705342932,
              0,
              -3.0772069830029313e-7,
              0.8872963302437138,
              -2.0903417569402403,
              0,
              -1.1645999788742043e-7,
              0.8029421601089006,
              -0.14433963478839534,
              1
            ]
          }
        }
      }
    },
    {
      "matrix": [
        1,
        -2.517938287904755e-21,
        -2.3716923900816836e-20,
        0,
        2.5179372809237076e-21,
        0.9999998807907101,
        -2.9802322387695312e-8,
        0,
        2.371692114857959e-20,
        2.980232238769532e-8,
        0.9999998807907102,
        0,
        -1.688813936280678e-24,
        0.1499999761581422,
        -4.470348369256527e-8,
        1
      ],
      "name": "Add_PHair_01",
      "extras": {
        "originalName": "Add PHair 01",
        "transformData": {
          "inheritType": 1,
          "eulerOrder": "ZYX",
          "translation": [
            -1.7639586173014968e-23,
            0.1499999761581421,
            -4.470348358154297e-8
          ],
          "rotation": [
            -0.0000017075474960586874,
            1.358879100781942e-18,
            -1.4420408947243556e-19
          ],
          "scale": [
            1,
            0.9999998807907104,
            0.9999998807907104
          ],
          "parentMatrix": {
            "elements": [
              1.0000000000000002,
              1.128248580314618e-21,
              -1.9761949483094892e-14,
              0,
              4.775476534910119e-20,
              0.9999998807876513,
              0.000002473592690677151,
              0,
              1.9761947127229265e-14,
              -0.000002473592690677151,
              0.9999998807876513,
              0,
              -6.376935125928703e-22,
              0.010000057518482208,
              -7.450580596923828e-9,
              1
            ]
          },
          "parentMatrixWorld": {
            "elements": [
              2.2708631960598455,
              -4.223225024755741e-14,
              -3.3429536203759135e-7,
              0,
              -1.3061958736417292e-7,
              -2.0903399632183337,
              -0.887296638605341,
              0,
              -3.0772073109074974e-7,
              0.8872964983146846,
              -2.090341979684923,
              0,
              -9.68670766531968e-8,
              1.1164931444193071,
              -0.011245253597963044,
              1
            ]
          }
        }
      },
      "children": [
        8
      ]
    },
    {
      "matrix": [
        1.0000000000000002,
        1.128248580314618e-21,
        -1.9761949483094892e-14,
        0,
        4.775476534910119e-20,
        0.9999998807876513,
        0.000002473592690677151,
        0,
        1.9761947127229265e-14,
        -0.000002473592690677151,
        0.9999998807876513,
        0,
        -6.376935125928703e-22,
        0.010000057518482208,
        -7.450580596923828e-9,
        1
      ],
      "name": "Add_PHair_00",
      "extras": {
        "originalName": "Add PHair 00",
        "transformData": {
          "inheritType": 1,
          "eulerOrder": "ZYX",
          "translation": [
            -6.352747104407253e-22,
            0.010000057518482208,
            -7.450580596923828e-9
          ],
          "rotation": [
            0.00014172643830531655,
            1.1322763018471003e-12,
            6.439115422181238e-20
          ],
          "scale": [
            1,
            0.9999998807907104,
            0.9999998807907104
          ],
          "parentMatrix": {
            "elements": [
              0.9999999999999998,
              -2.1922820891973054e-8,
              7.614138652911626e-9,
              0,
              1.5570217989981116e-9,
              -0.263973461828021,
              -0.964529943262795,
              0,
              2.315514773014282e-8,
              0.9645299432627947,
              -0.2639734618280208,
              0,
              -2.2204458010961293e-16,
              0.10875347256660461,
              3.725290287359684e-8,
              1
            ]
          },
          "parentMatrixWorld": {
            "elements": [
              2.270863196059845,
              -2.469763940480463e-14,
              -3.342954033468712e-7,
              0,
              -1.3061884175890813e-7,
              -2.090342407210566,
              -0.8872915737207661,
              0,
              -3.0772113574939974e-7,
              0.8872914334350809,
              -2.0903444236777426,
              0,
              -9.556088301530987e-8,
              1.1373966953355716,
              -0.0023723023993703907,
              1
            ]
          }
        }
      },
      "children": [
        9
      ]
    },
    {
      "matrix": [
        0.9999999999999998,
        -2.1922820891973054e-8,
        7.614138652911626e-9,
        0,
        1.5570217989981116e-9,
        -0.263973461828021,
        -0.964529943262795,
        0,
        2.315514773014282e-8,
        0.9645299432627947,
        -0.2639734618280208,
        0,
        -2.2204458010961293e-16,
        0.10875347256660461,
        3.725290287359684e-8,
        1
      ],
      "name": "Root_PHair",
      "extras": {
        "originalName": "Root PHair",
        "transformData": {
          "inheritType": 1,
          "eulerOrder": "ZYX",
          "translation": [
            -2.220446049250313e-16,
            0.10875347256660461,
            3.725290298461914e-8
          ],
          "rotation": [
            -105.3059646608565,
            -4.3625800943926106e-7,
            -0.0000012560851121312832
          ],
          "parentMatrix": {
            "elements": [
              0.9999999999999998,
              -4.669972186732939e-10,
              -2.3202739285466116e-8,
              0,
              -2.192281929020991e-8,
              0.3090153738700944,
              -0.9510570428275719,
              0,
              7.614144148908763e-9,
              0.9510570428275721,
              0.3090153738700943,
              0,
              1.8495435978964864e-16,
              0.046740382909775,
              -1.8626450937198058e-9,
              1
            ]
          },
          "parentMatrixWorld": {
            "elements": [
              2.270863196059837,
              1.7290630827843016e-8,
              -3.8407916960636e-7,
              0,
              -3.121100688834593e-7,
              1.4076140775859938,
              -1.7819783600036818,
              0,
              2.2450666474878476e-7,
              1.781976452092416,
              1.4076147451895569,
              0,
              -6.161783706052362e-8,
              0.984313709980661,
              0.19142397985183773,
              1
            ]
          }
        }
      },
      "children": [
        10
      ]
    },
    {
      "matrix": [
        0.9999999999999998,
        -4.669972186732939e-10,
        -2.3202739285466116e-8,
        0,
        -2.192281929020991e-8,
        0.3090153738700944,
        -0.9510570428275719,
        0,
        7.614144148908763e-9,
        0.9510570428275721,
        0.3090153738700943,
        0,
        1.8495435978964864e-16,
        0.046740382909775,
        -1.8626450937198058e-9,
        1
      ],
      "name": "Head",
      "extras": {
        "originalName": "Head",
        "transformData": {
          "inheritType": 1,
          "eulerOrder": "ZYX",
          "translation": [
            1.8495435565374558e-16,
            0.04674038290977478,
            -1.862645149230957e-9
          ],
          "rotation": [
            -72.00009762623091,
            0.0000013294190341996003,
            -2.675696967432641e-8
          ],
          "parentMatrix": {
            "elements": [
              0.9999999999999997,
              -2.109493379975903e-8,
              1.6603911134893695e-8,
              0,
              8.25138587836309e-9,
              0.8300794870939857,
              0.557644875065862,
              0,
              -2.554604776189593e-8,
              -0.5576448750658616,
              0.8300794870939856,
              0,
              2.8658104778145377e-9,
              0.14022105932235707,
              0.005549710243940381,
              1
            ]
          },
          "parentMatrixWorld": {
            "elements": [
              2.2708631960598447,
              -1.2649237570982351e-14,
              -3.342953984649318e-7,
              0,
              1.1601134824986973e-7,
              2.1297356453654244,
              0.7880632078555108,
              0,
              3.135202434015493e-7,
              -0.7880631625003532,
              2.129737666197644,
              0,
              -6.704025173563089e-8,
              0.8847690489518023,
              0.15458960772651098,
              1
            ]
          }
        }
      },
      "children": [
        11
      ]
    },
    {
      "matrix": [
        0.9999999999999997,
        -2.109493379975903e-8,
        1.6603911134893695e-8,
        0,
        8.25138587836309e-9,
        0.8300794870939857,
        0.557644875065862,
        0,
        -2.554604776189593e-8,
        -0.5576448750658616,
        0.8300794870939856,
        0,
        2.8658104778145377e-9,
        0.14022105932235707,
        0.005549710243940381,
        1
      ],
      "name": "Neck",
      "extras": {
        "originalName": "Neck",
        "transformData": {
          "inheritType": 1,
          "eulerOrder": "ZYX",
          "translation": [
            2.8658104778145344e-9,
            0.14022105932235718,
            0.005549710243940353
          ],
          "rotation": [
            33.893085718328265,
            -9.513340314396807e-7,
            -0.0000012086506758340607
          ],
          "scale": [
            1,
            0.9999998807907104,
            0.9999998807907104
          ],
          "parentMatrix": {
            "elements": [
              0.9999999999999997,
              1.5510817519270862e-8,
              -2.191117154382029e-8,
              0,
              -2.1094933660784067e-8,
              0.9588240662108944,
              -0.284000721926557,
              0,
              1.66038752219462e-8,
              0.28400072192655734,
              0.9588240662108944,
              0,
              -3.049734446217121e-16,
              0.09063894301652897,
              -5.122274153446238e-9,
              1
            ]
          },
          "parentMatrixWorld": {
            "elements": [
              2.2708631960598367,
              3.77051661578166e-8,
              -3.8219917640251895e-7,
              0,
              -1.2643804402317703e-7,
              2.207309782210858,
              -0.5334823186075833,
              0,
              3.6264514481595144e-7,
              0.5334812293489863,
              2.2073114849547015,
              0,
              -5.783141428010621e-8,
              0.5722970667941265,
              0.21714512441179423,
              1
            ]
          }
        }
      },
      "children": [
        12
      ]
    },
    {
      "matrix": [
        0.9999999999999998,
        9.31321598660051e-9,
        -1.0436090334065043e-13,
        0,
        -9.31321598660051e-9,
        0.9999999999999998,
        3.0519780867739134e-15,
        0,
        1.0436090336907417e-13,
        -3.0519771148382804e-15,
        0.9999999999999999,
        0,
        -1.862541017250141e-9,
        0.13830454647541038,
        -2.425037948228237e-8,
        1
      ],
      "name": "RightHand",
      "extras": {
        "originalName": "RightHand",
        "transformData": {
          "inheritType": 1,
          "eulerOrder": "ZYX",
          "translation": [
            -1.8625410103112472e-9,
            0.13830454647541046,
            -2.425037948228237e-8
          ],
          "rotation": [
            1.7486546325423867e-13,
            5.979439306889676e-12,
            5.336079691296223e-7
          ],
          "parentMatrix": {
            "elements": [
              0.9965221803751877,
              0.08332793061302513,
              1.8116573130555382e-7,
              0,
              -0.08332793061302875,
              0.996522180375204,
              1.2467690879702594e-8,
              0,
              -1.794967626893503e-7,
              -2.752049598737286e-8,
              0.9999999999999833,
              0,
              -8.508322935085744e-10,
              0.14111477136611938,
              -1.2758525902434315e-8,
              1
            ]
          },
          "parentMatrixWorld": {
            "elements": [
              -0.09564848046074327,
              3.600131439080118e-7,
              -2.2688496394535105,
              0,
              -2.26884780810689,
              -3.0969568844155484e-7,
              0.09564858426481088,
              0,
              -3.8086185743320685e-7,
              2.2708627297355655,
              -3.7687126850628743e-7,
              0,
              -0.5253989781772739,
              0.7894421706074581,
              0.14634135864476558,
              1
            ]
          }
        }
      }
    },
    {
      "matrix": [
        0.9965221803751877,
        0.08332793061302513,
        1.8116573130555382e-7,
        0,
        -0.08332793061302875,
        0.996522180375204,
        1.2467690879702594e-8,
        0,
        -1.794967626893503e-7,
        -2.752049598737286e-8,
        0.9999999999999833,
        0,
        -8.508322935085744e-10,
        0.14111477136611938,
        -1.2758525902434315e-8,
        1
      ],
      "name": "RightForeArm",
      "extras": {
        "originalName": "RightForeArm",
        "transformData": {
          "inheritType": 1,
          "eulerOrder": "ZYX",
          "translation": [
            -8.508322935085744e-10,
            0.14111477136611938,
            -1.2758525791412012e-8
          ],
          "rotation": [
            7.143460676807183e-7,
            -0.000010380031796209383,
            4.779881213730344
          ],
          "parentMatrix": {
            "elements": [
              0.9861182576597485,
              -0.00797285015258332,
              -0.1658529938546358,
              0,
              -0.020917189874324074,
              0.9849244873747257,
              -0.17171518898486965,
              0,
              0.16472174424072064,
              0.17280067183887932,
              0.9710853076770992,
              0,
              2.793967751602011e-9,
              0.06742163747549057,
              5.21540642894891e-8,
              1
            ]
          },
          "parentMatrixWorld": {
            "elements": [
              0.09374256042720813,
              -2.304512453088492e-8,
              -2.2689291882444556,
              0,
              -2.268927354617243,
              -3.4111474106479633e-7,
              -0.09374260958638807,
              0,
              -4.264773774687036e-7,
              2.27086272973559,
              -7.867165556785238e-7,
              0,
              -0.20521981320437377,
              0.7894422477166477,
              0.15956982363332387,
              1
            ]
          }
        }
      },
      "children": [
        14
      ]
    },
    {
      "matrix": [
        0.9861182576597485,
        -0.00797285015258332,
        -0.1658529938546358,
        0,
        -0.020917189874324074,
        0.9849244873747257,
        -0.17171518898486965,
        0,
        0.16472174424072064,
        0.17280067183887932,
        0.9710853076770992,
        0,
        2.793967751602011e-9,
        0.06742163747549057,
        5.21540642894891e-8,
        1
      ],
      "name": "RightArm",
      "extras": {
        "originalName": "RightArm",
        "transformData": {
          "inheritType": 1,
          "eulerOrder": "ZYX",
          "translation": [
            2.7939677238464355e-9,
            0.06742163747549057,
            5.21540641784668e-8
          ],
          "rotation": [
            -10.027845536565417,
            9.546790190679541,
            -0.46323116683393395
          ],
          "scale": [
            1,
            0.9999999403953552,
            1
          ],
          "parentMatrix": {
            "elements": [
              0.06160703680798507,
              0.3913747177673638,
              -0.9181668711668136,
              0,
              -0.9844141346724776,
              0.17564470054324496,
              0.008817631661104051,
              0,
              0.16472212360115487,
              0.9033131101229837,
              0.3960957064368464,
              0,
              -0.024000003933906562,
              0.08706014603376377,
              -0.002774829510599347,
              1
            ]
          },
          "parentMatrixWorld": {
            "elements": [
              0.13990077005214524,
              0.37406045418323525,
              -2.235471795256512,
              0,
              -2.235469847119322,
              0.3924062695636152,
              -0.07423970621901829,
              0,
              0.37406143749172405,
              2.205201494994435,
              0.3924049665856003,
              0,
              -0.05450079548420702,
              0.7629854584116866,
              0.1645751719726317,
              1
            ]
          }
        }
      },
      "children": [
        15
      ]
    },
    {
      "matrix": [
        0.06160703680798507,
        0.3913747177673638,
        -0.9181668711668136,
        0,
        -0.9844141346724776,
        0.17564470054324496,
        0.008817631661104051,
        0,
        0.16472212360115487,
        0.9033131101229837,
        0.3960957064368464,
        0,
        -0.024000003933906562,
        0.08706014603376377,
        -0.002774829510599347,
        1
      ],
      "name": "RightShoulder",
      "extras": {
        "originalName": "RightShoulder",
        "transformData": {
          "inheritType": 1,
          "eulerOrder": "ZYX",
          "translation": [
            -0.024000003933906555,
            0.08706014603376389,
            -0.0027748295105993748
          ],
          "rotation": [
            1.2752715568439565,
            66.65954539344126,
            81.05436714472907
          ],
          "scale": [
            1,
            1,
            0.9999998807907104
          ],
          "parentMatrix": {
            "elements": [
              0.9999999999999997,
              1.5510817519270862e-8,
              -2.191117154382029e-8,
              0,
              -2.1094933660784067e-8,
              0.9588240662108944,
              -0.284000721926557,
              0,
              1.66038752219462e-8,
              0.28400072192655734,
              0.9588240662108944,
              0,
              -3.049734446217121e-16,
              0.09063894301652897,
              -5.122274153446238e-9,
              1
            ]
          },
          "parentMatrixWorld": {
            "elements": [
              2.2708631960598367,
              3.77051661578166e-8,
              -3.8219917640251895e-7,
              0,
              -1.2643804402317703e-7,
              2.207309782210858,
              -0.5334823186075833,
              0,
              3.6264514481595144e-7,
              0.5334812293489863,
              2.2073114849547015,
              0,
              -5.783141428010621e-8,
              0.5722970667941265,
              0.21714512441179423,
              1
            ]
          }
        }
      },
      "children": [
        16
      ]
    },
    {
      "matrix": [
        0.9999999999999997,
        1.5510817519270862e-8,
        -2.191117154382029e-8,
        0,
        -2.1094933660784067e-8,
        0.9588240662108944,
        -0.284000721926557,
        0,
        1.66038752219462e-8,
        0.28400072192655734,
        0.9588240662108944,
        0,
        -3.049734446217121e-16,
        0.09063894301652897,
        -5.122274153446238e-9,
        1
      ],
      "name": "Chest",
      "extras": {
        "originalName": "Chest",
        "transformData": {
          "inheritType": 1,
          "eulerOrder": "ZYX",
          "translation": [
            -3.049734450353024e-16,
            0.09063894301652908,
            -5.122274160385132e-9
          ],
          "rotation": [
            -16.49912619494057,
            0.00000125541765364805,
            8.887043806517976e-7
          ],
          "parentMatrix": {
            "elements": [
              0.9999999999999968,
              -7.423425785191278e-8,
              -3.745980592384513e-8,
              0,
              -4.1182657578041024e-8,
              -0.8335433750132859,
              0.5524539100795409,
              0,
              -7.223542643045462e-8,
              -0.5524542722965686,
              -0.8335439215269431,
              0,
              -3.1667986011285587e-9,
              -0.06800299882888788,
              0.05022311583161354,
              1
            ]
          },
          "parentMatrixWorld": {
            "elements": [
              2.270863196059844,
              -3.15013601778641e-14,
              -3.3429547781013394e-7,
              0,
